2.3395197416779792D-3
5.4435476445408689D-3
8.5457606834367151D-3
1.1636480504183041D-2
1.4707526996377902D-2
1.7747799218082890D-2
2.0742327436092204D-2
2.3671627655823935D-2
2.6511240368389090D-2
2.9231490872258258D-2
3.1797532093788751D-2
3.4169736610436337D-2
3.6304501387488877D-2
3.8155515781371754D-2
3.9675518869756435D-2
4.0818535035173502D-2
4.1542527348980093D-2
4.1812349248119223D-2
4.1602811499590492D-2
4.0901621510157090D-2
3.9711905979420533D-2
3.8054007170383995D-2
3.5966258366004438D-2
3.3504502828565057D-2
3.0740224356179866D-2
2.7757299934022702D-2
2.4647550740031989D-2
2.1505433748595416D-2
1.8422354551027927D-2
1.5481165365592469D-2
1.2751419680697619D-2
1.0285877953985931D-2
8.1186045234779373D-3
6.2647876079240286D-3
4.7221873139259487D-3
3.4739110542988569D-3
2.4920676540560653D-3
1.7417841842318087D-3
1.1850891474927990D-3
7.8425982818033902D-4
5.0437415779149576D-4
3.1496544387500119D-4
1.9082061919832956D-4
1.1206678246733705D-4
6.3746510930302153D-5
3.5091691944420532D-5
1.8679390134662627D-5
9.6067221677915883D-6
4.7696548207839803D-6
2.2842522011181453D-6
1.0543715539006046D-6
4.6868781807886617D-7
2.0047593016744249D-7
8.2447541753027365D-8
3.2574529582662374D-8
1.2354097121562264D-8
4.4938930728342141D-9
1.5666008475209178D-9
5.2295107986897767D-10
1.6702125128992932D-10
5.0995100222001365D-11
1.4871884358488468D-11
4.1391897360758752D-12
1.0985074553594939D-12
2.7774777703497197D-13
6.6845787918335451D-14
1.5299705780371636D-14
3.3272118237465307D-15
6.8684897609901960D-16
1.3446589787174844D-16
2.4940811480375439D-17
4.3784849435175855D-18
7.2678898511304182D-19
1.1394844067656559D-19
1.6856034236150338D-20
2.3499937633554209D-21
3.0842130832545154D-22
3.8060455221046993D-23
4.4108598305743762D-24
4.7944706257470531D-25
4.8815056921063407D-26
4.6490877595912983D-27
4.1358350490603210D-28
3.4315834492927914D-29
2.6514758287619890D-30
1.9047480045972633D-31
1.2700057032201216D-32
7.8454409361363340D-34
4.4818614502558251D-35
2.3630443088971679D-36
1.1475034119289110D-37
5.1209460035350891D-39
2.0953196482228164D-40
7.8412111754176623D-42
2.6767689971252151D-43
8.3123185805384459D-45
2.3411257063992019D-46
5.9612431894423016D-48
1.3676584858633422D-49
2.8168012412709363D-51
5.1875056221414753D-53
8.5061571519526807D-55
1.2361602413484527D-56
1.5841725336185555D-58
1.7804868546568620D-60
1.7445399578197011D-62
1.4803643831455601D-64
1.0800527818347665D-66
6.7206198425177912D-69
3.5347597264461545D-71
1.5556904749965344D-73
5.6645612960665814D-76
1.6845598734116924D-78
4.0315365610398377D-81
7.6333183284542965D-84
1.1209286469885168D-86
1.2470261501924412D-89
1.8678221536855343D-69
7.7724052894683419D-72
1.6701268177619939D-80
4.1962244866988113D-82
5.7893391379689825D-81
1.5947867265454657D-80
5.8713990370549074D-82
5.7455503340762624D-81
1.2480234837763976D-79
3.1666940503828461D-81
2.7410847096640976D-80
