2.8023895959063175D-2
6.4294634552528578D-2
9.7466800078011241D-2
1.2359434919234224D-1
1.3754222183095795D-1
1.3509302496388507D-1
1.1602241430645138D-1
8.5788872412920553D-2
5.3634652888767440D-2
2.7814635607973172D-2
1.1731928111715286D-2
3.9439297648799185D-3
1.0344291635033849D-3
2.0685539765393237D-4
3.0732148772516971D-5
3.2915312588558645D-6
2.4504904884193304D-7
1.2112148229049733D-8
3.7417141020643901D-10
6.6446599071702894D-12
5.9939651360104476D-14
2.2476274481884042D-16
2.4052405774580463D-19
2.8750941664912046D-23
