2.4922576553712325D-2
5.7309811226866268D-2
8.7404979213509137D-2
1.1226001792373422D-1
1.2784789697166386D-1
1.3033010834106282D-1
1.1825138696351057D-1
9.4338993186416060D-2
6.5187278081917848D-2
3.8384122032039282D-2
1.8939328881505094D-2
7.6978004587486765D-3
2.5323307449372364D-3
6.6195266533054835D-4
1.3479763461635682D-4
2.0919189151394678D-5
2.4126041699930893D-6
2.0070975455516790D-7
1.1613083407164255D-8
4.4617392627956299D-10
1.0706045031884118D-11
1.4735090702046813D-13
1.0254295817560677D-15
2.9402456175858939D-18
2.3648137980051630D-21
2.0419264744972732D-25
