2.2353249722213042D-2
5.1493499530211479D-2
7.8902389195153574D-2
1.0234038225032115D-1
1.1864253734617785D-1
1.2447618582381795D-1
1.1787061421424213D-1
9.9797554154184266D-2
7.4610149995690150D-2
4.8572734621053077D-2
2.7139181070254648D-2
1.2822972003294984D-2
5.0471835523645839D-3
1.6296443050171517D-3
4.2475332811671948D-4
8.7843801559858470D-5
1.4145187319541691D-5
1.7360233753296017D-6
1.5840454418004106D-7
1.0431164061184252D-8
4.7787071929428410D-10
1.4532846147756309D-11
2.7570570792727198D-13
2.9921983434066584D-15
1.6337756201058983D-17
3.6424098054191483D-20
2.2392734851615475D-23
1.4221390441065482D-27
