2.0196505607634012D-2
4.6591502986076610D-2
7.1654585853579439D-2
9.3657669830929234D-2
1.1009953733265747D-1
1.1815338991652555D-1
1.1572156820166703D-1
1.0271376134524712D-1
8.1770696790146981D-2
5.7695154796577792D-2
3.5625402966431991D-2
1.9003657386727831D-2
8.6434495954647584D-3
3.3078878239354534D-3
1.0508218979518370D-3
2.7319563954316498D-4
5.7258314009435848D-5
9.5167237712110188D-6
1.2315362737543164D-6
1.2150175040302629D-7
8.9157249057121700D-9
4.7229509936469727D-10
1.7404868192587379D-11
4.2552280882826439D-13
6.4797308987903910D-15
5.6278669929312391D-17
2.4462620094614909D-19
4.3021158376481458D-22
2.0514929351320854D-25
9.7354336064320262D-30
