1.8365282155480448D-2
4.2415957917110817D-2
6.5425461929708454D-2
8.6040917140330234D-2
1.0227135970403800D-1
1.1174596374692707D-1
1.1243817400149695D-1
1.0365701192549457D-1
8.6816150999288370D-2
6.5385377265126860D-2
4.3796200444009192D-2
2.5793307752470641D-2
1.3202895001896461D-2
5.8058009479065375D-3
2.1675245009380521D-3
6.7878392603921720D-4
1.7608013052630824D-4
3.7335040791200954D-5
6.3780429985946208D-6
8.6395543292335028D-7
9.1134937330187608D-8
7.3314729713544504D-9
4.3879482153681291D-10
1.8960694494934272D-11
5.6979694299195498D-13
1.1349734373178114D-14
1.4055112554753009D-16
9.8952729652424803D-19
3.4676122001486546D-21
4.8715188307266657D-24
1.8251964514225297D-27
6.5629954327874643D-32
