1.6794773135787708D-2
3.8825519220701870D-2
6.0030779562919639D-2
7.9337188293459527D-2
9.5147324068721328D-2
1.0548198503974196D-1
1.0847680295205009D-1
1.0313386755270718D-1
9.0028315259363014D-2
7.1528132532798897D-2
5.1225992164579496D-2
3.2735718400011907D-2
1.8475452170438989D-2
9.1138991098270152D-3
3.8888241935776143D-3
1.4202116312368223D-3
4.3915502650104478D-4
1.1369499693571140D-4
2.4354336177000661D-5
4.2616818358670938D-6
6.0071992445950696D-7
6.7148727248739086D-8
5.8465266227433717D-9
3.8831414306003411D-10
1.9190924030466076D-11
6.8467513567184066D-13
1.6979250745669733D-14
2.7877398592744335D-16
2.8396866111060934D-18
1.6388610024736374D-20
4.6817506203786063D-23
5.3127929013899871D-26
1.5818875768790805D-29
4.3638449921414135D-34
