1.5435854185924422D-2
3.5712118645031935D-2
5.5325636306520964D-2
7.3414279430427202D-2
8.8685896559692921D-2
9.9489515733088033D-2
1.0415594857139987D-1
1.0156075960477259D-1
9.1729670183694181D-2
7.6173785076276348D-2
5.7667708595989255D-2
3.9444203154148148D-2
2.4151684599484456D-2
1.3115333657788023D-2
6.2577713107177186D-3
2.5989010327062359D-3
9.3059956734141885D-4
2.8452353558960539D-4
7.3532438608768141D-5
1.5894059985720399D-5
2.8408418902206784D-6
4.1469792739477372D-7
4.8765828632557649D-8
4.5483179145898250D-9
3.3050406196753039D-10
1.8323119232061662D-11
7.5587332818807903D-13
2.2503473523197701D-14
4.6535220418741116D-16
6.3625016880415787D-18
5.3849461283238060D-20
2.5729713982320430D-22
6.0511184308486388D-25
5.6017391213268099D-28
1.3390697812852562D-31
2.8657429182949894D-36
