1.4250684993296840D-2
3.2991925397227061D-2
5.1195084151041131D-2
6.8159827623028848D-2
8.2832466091644822D-2
9.3833738915848770D-2
9.9692397302658311D-2
9.9264223339601249D-2
9.2231146420946374D-2
7.9465744212523890D-2
6.3020422742365254D-2
4.5635702935445225D-2
2.9925916022461224D-2
1.7622030241385618D-2
9.2397958911640776D-3
4.2775337914334702D-3
1.7336401865000871D-3
6.0985246824973757D-4
1.8457496683966837D-4
4.7626554272672874D-5
1.0377689056759860D-5
1.8901561104266237D-6
2.8460394324988079D-7
3.4998292378322624D-8
3.4674064272456602D-9
2.7251721981409334D-10
1.6689557401598151D-11
7.7986106363721715D-13
2.7111608737273257D-14
6.7990729707981292D-16
1.1832857898079530D-17
1.3595260692367700D-19
9.6461469450487797D-22
3.8496501493638233D-24
7.5191782010821607D-27
5.7289503857692515D-30
1.1095763869975987D-33
1.8608057495798977D-38
