1.3209697312601352D-2
3.0599053702615631D-2
4.7547138316464782D-2
6.3479091883632155D-2
7.7528919873340611D-2
8.8541017511473473D-2
9.5230150066101071D-2
9.6492448691125552D-2
9.1807696471450132D-2
8.1588479936669347D-2
6.7287313097902360D-2
5.1132627065258896D-2
3.5536973906718374D-2
2.2416580821211839D-2
1.2735956375353993D-2
6.4674149228822210D-3
2.9129184102859122D-3
1.1547022629092823D-3
3.9972448606983598D-4
1.1987542131233428D-4
3.0887939434094237D-5
6.7791654639398506D-6
1.2557304441221734D-6
1.9437639549067641D-7
2.4871931294649488D-8
2.5993895212866968D-9
2.1890173288393071D-10
1.4625948950594780D-11
7.6154972022674889D-13
3.0253249733145281D-14
8.9391079124551197D-16
1.9042222157219325D-17
2.8121565016851960D-19
2.7371976597870872D-21
1.6411717971782569D-23
5.5140534617527052D-26
9.0156518830157442D-29
5.6988337489184819D-32
9.0170660198111147D-36
1.1958786629842990D-40
