1.2289488554596032D-2
2.8481103395284388D-2
4.4307556662814864D-2
5.9292425973011255D-2
7.2718608628002732D-2
8.3614289523873622D-2
9.0862126056610971D-2
9.3429877323962349D-2
9.0690265642999403D-2
8.2734517861013373D-2
7.0537173012506739D-2
5.5847338595482963D-2
4.0786635181751049D-2
2.7287083219806161D-2
1.6606537751725392D-2
9.1292639935816951D-3
4.5017519725586794D-3
1.9772867219263255D-3
7.6813540942384554D-4
2.6205096971012256D-4
7.7937331568695889D-5
2.0055996679978282D-5
4.4305769100022147D-6
8.3324164959632025D-7
1.3221803290624642D-7
1.7530590599819608D-8
1.9214893247209170D-9
1.7203816930959596D-10
1.2413262251631423D-11
7.1070092802440436D-13
3.1709483758702675D-14
1.0792558192304305D-15
2.7311194538118292D-17
4.9791021067227849D-19
6.2858146221102669D-21
5.2210434949581741D-23
2.6644611742406368D-25
7.5905905988455419D-28
1.0463563681652572D-30
5.5270891319636117D-34
7.1985200959856640D-38
7.6131694215702736D-43
