1.1471320866170988D-2
2.6595947279591741D-2
4.1415920802495304D-2
5.5532875481787937D-2
6.8348737767436060D-2
7.9042834130348716D-2
8.6645892837497734D-2
9.0211112806971269D-2
8.9066431257871229D-2
8.3085733235619332D-2
7.2874405345748085D-2
5.9760472315307719D-2
4.5541741117493902D-2
3.2049904940046953D-2
2.0695868940539110D-2
1.2183842559523949D-2
6.4973135064707752D-3
3.1184750678566469D-3
1.3384993887128156D-3
5.1045186786694528D-4
1.7183432414053292D-4
5.0720078894863790D-5
1.3036721462144246D-5
2.8970033988305273D-6
5.5235974293007124D-7
8.9631979382386694D-8
1.2270490609645826D-8
1.4036217402689472D-9
1.3274262815682275D-10
1.0255719803685442D-11
6.3861559103897478D-13
3.1555042300372647D-14
1.2149710720063824D-15
3.5676995937255641D-17
7.7853858128636795D-19
1.2229649096029365D-20
1.3286394123089510D-22
9.4795595947719419D-25
4.1444952949235534D-27
1.0076255794156753D-29
1.1786928292607442D-32
5.2373456870368799D-36
5.6534681401911127D-40
4.8046263321437926D-45
