1.0740033487579985D-2
2.4909381600543273D-2
3.8822673902720536D-2
5.2144058042411345D-2
6.4371339201706300D-2
7.4808416595266133D-2
8.2614836681516331D-2
8.6932763943226076D-2
8.7085012883021991D-2
8.2804252622563983D-2
7.4417958184183190D-2
6.2899660170948232D-2
4.9726808520755925D-2
3.6560735350875350D-2
2.4852637226936256D-2
1.5527122990247856D-2
8.8632911618401394D-3
4.5953078225913979D-3
2.1512211924521880D-3
9.0393998831334503D-4
3.3891922957811915D-4
1.1270409003416547D-4
3.3036880531490918D-5
8.4824382053350501D-6
1.8951214835347646D-6
3.6587249945657552D-7
6.0588066741829653D-8
8.5379485343238348D-9
1.0150088923714669D-9
1.0083251418012634D-10
8.2821883439875935D-12
5.5580980676819085D-13
3.0064130230208186D-14
1.2903727195375469D-15
4.3150176673066409D-17
1.1000948938299858D-18
2.0830366180740082D-20
2.8367124910740437D-22
2.6681881915296011D-24
1.6450447259639907D-26
6.1981986481748380D-29
1.2936547449309444D-31
1.2917943787909311D-34
4.8576051276173764D-38
4.3734855924237728D-42
3.0078352287718337D-47
