1.0083242484415106D-2
2.3393383828777152D-2
3.6486864216703569D-2
4.9078361524042557D-2
6.0743478452510336D-2
7.0889115927941281D-2
7.8785996091883832D-2
8.3662957006802782D-2
8.4862030147065168D-2
8.2029280120401468D-2
7.5287768893047521D-2
6.5321684790455374D-2
5.3312544749560051D-2
4.0716774002261567D-2
2.8943507517172399D-2
1.9045475030717119D-2
1.1537582760786434D-2
6.3994525756305222D-3
3.2322553623619694D-3
1.4785569401567230D-3
6.0921667997010516D-4
2.2486587372447997D-4
7.3939906149621703D-5
2.1536375306060859D-5
5.5241519716972824D-6
1.2402753889698527D-6
2.4219134766479714D-7
4.0855255264916673D-8
5.9106765613245005D-9
7.2764295739942040D-10
7.5572652469651264D-11
6.5593217561384285D-12
4.7076532111983243D-13
2.7606655251513662D-14
1.3048677712688964D-15
4.8935518752459102D-17
1.4295012944003516D-18
3.1823412968042891D-20
5.2582833295145804D-22
6.2426627520295621D-24
5.1117811396531674D-26
2.7383091110552880D-28
8.9397812465235732D-31
1.6104733031561800D-33
1.3802768231286962D-36
4.4169946180806248D-40
3.3362954876702634D-44
1.8689624893413446D-49
