9.4907437046997315D-3
2.2024804243228255D-2
3.4374412277947123D-2
4.6295442331579543D-2
5.7427067352410260D-2
6.7261674334723275D-2
7.5165510542760655D-2
8.0448721018930360D-2
8.2486665378029385D-2
8.0877284147973259D-2
7.5596813121437395D-2
6.7098896909613548D-2
5.6303751410192878D-2
4.4453364727085275D-2
3.2860265552944119D-2
2.2628104702244104D-2
1.4442120563852969D-2
8.4998891744169806D-3
4.5898158294769150D-3
2.2624803215574630D-3
1.0129634585731300D-3
4.0985505102577988D-4
1.4910339655434711D-4
4.8520972503506615D-5
1.4049918795431044D-5
3.6005744558412923D-6
8.1205488566054141D-7
1.6023622632302938D-7
2.7491449821097336D-8
4.0739387068860436D-9
5.1773390940542656D-10
5.5988313722907118D-11
5.1083344028052837D-12
3.8953118086079149D-13
2.4563170831570279D-14
1.2656133093179373D-15
5.2558265333367600D-17
1.7314937367235178D-18
4.4419824036643124D-20
8.6801390035972746D-22
1.2580502763550178D-23
1.3087212865077102D-25
9.3765255356630362D-28
4.3860415493907373D-30
1.2469057270559321D-32
1.9484701693977966D-35
1.4405299157886526D-38
3.9431480287447137D-42
2.5121992477205505D-46
1.1532495344214997D-51
