8.9540616766526225D-3
2.0784371703007037D-2
3.2456769398426090D-2
4.3760986736961565D-2
5.4388490320096147D-2
6.3902906311693592D-2
7.1752388013134868D-2
7.7321602649082745D-2
8.0026625055591113D-2
7.9443894016748139D-2
7.5447020147512245D-2
6.8309616950650358D-2
5.8728480567912068D-2
4.7737846215371063D-2
3.6521877259739609D-2
2.6175667623434859D-2
1.7492474213339850D-2
1.0848296862897480D-2
6.2141312690487024D-3
3.2724073086761800D-3
1.5768457150370414D-3
6.9201551098058473D-4
2.7530406060619063D-4
9.8816676807047542D-5
3.1848720804985598D-5
9.1723100523529952D-6
2.3486132814626321D-6
5.3190215471096439D-7
1.0596891391291771D-7
1.8465558191696783D-8
2.7972811204190407D-9
3.6598136835157631D-10
4.1063558594951341D-11
3.9207748721655995D-12
3.1586874884970158D-13
2.1269121907944688D-14
1.1843697681167595D-15
5.3888045037937504D-17
1.9759658001816776D-18
5.7466810609999363D-20
1.3010033338313324D-21
2.2423303903190001D-23
2.8641992196527370D-25
2.6230721944901221D-27
1.6520058592343209D-29
6.7789386646399838D-32
1.6858919846509488D-34
2.2957106618301727D-37
1.4708748831426506D-40
3.4603578107105228D-44
1.8688689464476337D-48
7.0700495640567969D-54
