8.4661047927938165D-3
1.9655929922853704D-2
3.0709870791479406D-2
4.1445694272963784D-2
5.1598159358162825D-2
6.0790511783499975D-2
6.8541096706225892D-2
7.4301877944216161D-2
7.7532691857504129D-2
7.7806508427633957D-2
7.4927688297050404D-2
6.9031799686662807D-2
6.0629198709879309D-2
5.0562553922909992D-2
3.9873142107508136D-2
2.9605144126529878D-2
2.0605793912941132D-2
1.3385520005053233D-2
8.0796597057006094D-3
4.5118775627614355D-3
2.3207623553641121D-3
1.0947689622732577D-3
4.7156767713981667D-4
1.8467220402456210D-4
6.5461624868543388D-5
2.0910569694714211D-5
5.9919192165047979D-6
1.5330633850094356D-6
3.4853796937289606D-7
7.0056228242419232D-8
1.2383623675416842D-8
1.9143090761246365D-9
2.5723526642053867D-10
2.9853233393146011D-11
2.9712543515014941D-12
2.5166886776563681D-13
1.7987212008143872D-14
1.0745445427565098D-15
5.3086174804294125D-17
2.1427970724980997D-18
6.9694833543799337D-20
1.7974604749044131D-21
3.6071675657521636D-23
5.5077734575922056D-25
6.2274054005273606D-27
5.0425139634270713D-29
2.8035821889958223D-31
1.0135122745936171D-33
2.2143463150427859D-36
2.6388036301438908D-39
1.4715143242663523D-42
2.9884974816068265D-46
1.3746164757921034D-50
4.3080228215558447D-56
