8.0208989060448009D-3
1.8625844884473162D-2
2.9113312262471021D-2
3.9324444829459112D-2
4.9030059793643839D-2
5.7903513865883909D-2
6.5523338201115067D-2
7.1401683398171806D-2
7.5042458445030254D-2
7.6027049941819861D-2
7.4115415367814736D-2
6.9339163552748819D-2
6.2056062553025698D-2
5.2938136290487230D-2
4.2881424876124335D-2
3.2851668582303956D-2
2.3706505506904921D-2
1.6047827515576374D-2
1.0148829762340724D-2
5.9714914433346833D-3
3.2556705131668420D-3
1.6380250243868069D-3
7.5746127774751042D-4
3.2062587152850221D-4
1.2372791721578824D-4
4.3349749477736796D-5
1.3732507374531155D-5
3.9166634925588133D-6
1.0013722936793456D-6
2.2847220761605964D-7
4.6301407650432297D-8
8.2935835115488165D-9
1.3062294066084016D-9
1.7989560590986237D-10
2.1535934268498801D-11
2.2266737530503384D-12
1.9744944545467340D-13
1.4901130064856615D-14
9.4895604226152842D-16
5.0513370964148044D-17
2.2235665512640903D-18
7.9964004417283456D-20
2.3167426683114013D-21
5.3206977088565663D-23
9.5041113125838011D-25
1.2908622057914494D-26
1.2971476263889032D-28
9.3238730294709777D-31
4.5945991265356967D-33
1.4690617875651248D-35
2.8308299273155589D-38
2.9639142334417456D-41
1.4443121707739380D-44
2.5426178937234584D-48
1.0003930377849603D-52
2.6100699188292929D-58
