7.6133794657280364D-3
1.7682540721800457D-2
2.7649697875033240D-2
3.7375616040188304D-2
4.6661318486017037D-2
5.5222462574325154D-2
6.2689252294488229D-2
6.8627329319838128D-2
7.2583323101848434D-2
7.4154569763867828D-2
7.3074875153126001D-2
6.9299074281592807D-2
6.3062085759186541D-2
5.4887768675940993D-2
4.5532578305982011D-2
3.5868192913430695D-2
2.6729769956002157D-2
1.8772168109596718D-2
1.2376374565184244D-2
7.6306069927889934D-3
4.3827231255484876D-3
2.3360865386311335D-3
1.1511763133963674D-3
5.2246309679862635D-4
2.1756211015807847D-4
8.2807900039642303D-5
2.8698189076160520D-5
9.0207389122704619D-6
2.5616059769106655D-6
6.5448265669491565D-7
1.4982169797119311D-7
3.0594584661932345D-8
5.5478011662983066D-9
8.8901417837929562D-10
1.2525157047458185D-10
1.5429966244869025D-11
1.6523087934264096D-12
1.5282051727061562D-13
1.2122675783623559D-14
8.1846085628814749D-16
4.6630652323786850D-17
2.2206177825132257D-18
8.7444461948515372D-20
2.8127624801768681D-21
7.2874220577058897D-23
1.4961401338766412D-24
2.3878570663721292D-26
2.8958410666228773D-28
2.5958861987656043D-30
1.6625250785229542D-32
7.2878934245142642D-35
2.0685302526436607D-37
3.5284433629446667D-40
3.2578026608604421D-43
1.3924556621156252D-46
2.1330683787565913D-50
7.2081690006400331D-55
1.5728662038063397D-60
