7.2392278407422759D-3
1.6816133053127993D-2
2.6304119378565949D-2
3.5580522924263444D-2
4.4471809106956299D-2
5.2729494997581347D-2
6.0028228001491390D-2
6.5981001312346847D-2
7.0174857989134085D-2
7.2227568433808461D-2
7.1860007665826404D-2
6.8971615433524681D-2
6.3699852684190219D-2
5.6442468437576190D-2
4.7826790635370187D-2
3.8623807050036358D-2
2.9623053736128889D-2
2.1500071870117499D-2
1.4713523559595769D-2
9.4599445483327751D-3
5.6936080120964394D-3
3.1963364432900126D-3
1.6677467187816760D-3
8.0588642688869964D-4
3.5936932117857747D-4
1.4736293607802873D-4
5.5368918155461156D-5
1.8993783629684332D-5
5.9270759731383189D-6
1.6762487851169056D-6
4.2800618698966518D-7
9.8280520850852255D-8
2.0212386953597485D-8
3.7072132991137836D-9
6.0368192782666831D-10
8.6863105810623150D-11
1.0988258994464897D-11
1.2154239065377569D-12
1.1686421606638844D-13
9.7054684821827923D-15
6.9134602470196087D-16
4.1914997289700637D-17
2.1444634854196016D-18
9.1702243105878841D-20
3.2423216292677498D-21
9.3626919275773708D-23
2.1770605604223163D-24
4.0098783051461638D-26
5.7385056237687713D-28
6.2357129356177740D-30
5.0038832332954688D-32
2.8652466393860277D-34
1.1211559746589579D-36
2.8344989375946771D-39
4.2946668415570481D-42
3.5087750632855714D-45
1.3200552805530064D-48
1.7659786963901779D-52
5.1451410031254941D-57
9.4304055230375129D-63
