6.8947413379556060D-3
1.6018136940775568D-2
2.5063737936893525D-2
3.3922956739403490D-2
4.2443799592877673D-2
5.0408309816376077D-2
5.7529442074624265D-2
6.3462007083261708D-2
6.7830662614218695D-2
7.0275989536861036D-2
7.0515356658600223D-2
6.8409421900498755D-2
6.4019423100231509D-2
5.7637494175149442D-2
4.9774782362173410D-2
4.1101373269695322D-2
3.2346283002214601D-2
2.4180175570470204D-2
1.7111584083789490D-2
1.1424545046296982D-2
7.1718075526053428D-3
4.2187880797810064D-3
2.3176714273555449D-3
1.1851252660071496D-3
5.6217814058245183D-4
2.4656588723048549D-4
9.9653411946112011D-5
3.6990977367851334D-5
1.2568267656089697D-5
3.8953145693485818D-6
1.0974392200577533D-6
2.8004977107456343D-7
6.4491901270626997D-8
1.3351492263881310D-8
2.4750095598837470D-9
4.0909879239164531D-10
6.0029321129636849D-11
7.7829052247940217D-12
8.8711651090108541D-13
8.8416162406993511D-14
7.6604020362610868D-15
5.7328267538409951D-16
3.6799613936152656D-17
2.0105626794851477D-18
9.2695431439856051D-20
3.5717625415742169D-21
1.1378027548866249D-22
2.9595919796827572D-24
6.1971506115245875D-26
1.0274523834686154D-27
1.3227965002702955D-29
1.2921703979844404D-31
9.3123080938890345D-34
4.7827840172121544D-36
1.6758848972932743D-38
3.7860907097040845D-41
5.1116964850814768D-44
3.7074539770532632D-47
1.2317342445685112D-50
1.4439486495025669D-54
3.6401369995906467D-59
5.6271638333786977D-65
