6.5767291598576802D-3
1.5281232518928029D-2
2.3917445859480474D-2
3.2388804326508786D-2
4.0561641766980513D-2
4.8244093031327417D-2
5.5182209394867623D-2
6.1067686904033519D-2
6.5559804203111551D-2
6.8322892221992177D-2
6.9077399309432912D-2
6.7657974639161232D-2
6.4067111738416124D-2
5.8509702417663616D-2
5.1394554096530438D-2
4.3294942607889891D-2
3.4871049315528747D-2
2.6769543480926536D-2
1.9524691162766746D-2
1.3486644179552726D-2
8.7944246098967392D-3
5.3964143853612470D-3
3.1060913875934334D-3
1.6716999500417959D-3
8.3862646852697408D-4
3.9091381336920480D-4
1.6878503453129317D-4
6.7292057459840313D-5
2.4694514172990444D-5
8.3149858904285344D-6
2.5606228579685492D-6
7.1882865182936432D-7
1.8333235121467978D-7
4.2333266432182328D-8
8.8185053808561766D-9
1.6510329179007212D-9
2.7673490209978600D-10
4.1355028648592513D-11
5.4859329269014141D-12
6.4299364498506817D-13
6.6256244726139641D-14
5.9699429682308738D-15
4.6762409903045425D-16
3.1639828860631929D-17
1.8362672589321331D-18
9.0705636462557903D-20
3.7807682940892260D-21
1.3169500684155459D-22
3.7918528603773268D-24
8.9127731069552805D-26
1.6858786687097206D-27
2.5237969354577645D-29
2.9321493580132916D-31
2.5827182676974983D-33
1.6766615041594869D-35
7.7471748933020423D-38
2.4381846927892060D-40
4.9368375920992040D-43
5.9572599528804282D-46
3.8473062450599815D-49
1.1322492388851112D-52
1.1668190238163080D-56
2.5538559207394830D-61
3.3425710610904520D-67
