3.5946469567386445D-3
8.3609860892281530D-3
1.3116111302231780D-2
1.7836638562834473D-2
2.2496721744189934D-2
2.7059874233325438D-2
3.1476528934234395D-2
3.5682674113500318D-2
3.9599629658035080D-2
4.3135281790035106D-2
4.6187099163033376D-2
4.8647164969884471D-2
5.0409277016213356D-2
5.1377887667651116D-2
5.1478295012428848D-2
5.0667101134825020D-2
4.8941599569255282D-2
4.6346541421877901D-2
4.2976761211708139D-2
3.8974494710709038D-2
3.4520905205855209D-2
2.9822275484093368D-2
2.5092349518493312D-2
2.0533181812205718D-2
1.6317327658439084D-2
1.2574109540361635D-2
9.3819906782222306D-3
6.7679168435945893D-3
4.7131382386766589D-3
3.1638421231709707D-3
2.0442102402379087D-3
1.2694105678955424D-3
7.5649751647424095D-4
4.3202448012235341D-4
2.3608847048104312D-4
1.2327646917391022D-4
6.1418739876463494D-5
2.9155172309707379D-5
1.3167541719476614D-5
5.6500130351844080D-6
2.3000172910304213D-6
8.8701271345089409D-7
3.2361129363595566D-7
1.1152882409831413D-7
3.6256841376509031D-8
1.1101859480025984D-8
3.1971288617612588D-9
8.6462841009831687D-10
2.1924963050128977D-10
5.2048735260854949D-11
1.1549154862012588D-11
2.3913787577545897D-12
4.6129038789002645D-13
8.2751494141374544D-14
1.3780826743048594D-14
2.1265098153492643D-15
3.0347002856139839D-16
3.9971415127369969D-17
4.8490775675801139D-18
5.4062058224620900D-19
5.5265044755773832D-20
5.1675087759217967D-21
4.4083366702769369D-22
3.4218160553653628D-23
2.4097985857077244D-24
1.5350445801449987D-25
8.8158133765249707D-27
4.5487334021516267D-28
2.1007746048692872D-29
8.6492486623614548D-31
3.1607877653554371D-32
1.0204199164012740D-33
2.8953206470988504D-35
7.1797526799387821D-37
1.5464699012432587D-38
2.8737151843000090D-40
4.5724684734672794D-42
6.1777066373784598D-44
7.0210712755016367D-46
6.6419135090350675D-48
5.1676546332554894D-50
3.2617739344838805D-52
1.6440295425880517D-54
6.4962336618919094D-57
1.9691634010882580D-59
4.4617926993345373D-62
7.3229336253142555D-65
8.3739629096125327D-68
6.5790928174343328D-71
1.7238482429654799D-69
7.0368788617221071D-78
3.6824505759446916D-80
1.8440161530840363D-81
2.0466315139808319D-80
9.8392514078175201D-82
3.1912364848319097D-82
