9.1166893753645652D-4
4.8025200009556125D-3
1.1798347436770798D-2
2.1893682195543137D-2
3.5078619846497226D-2
5.1340095586454180D-2
7.0662070083158665D-2
9.3025637092624622D-2
1.1840912946342876D-1
1.4678823428860147D-1
1.7813611858289909D-1
2.1242356487333772D-1
2.4961911552802497D-1
2.8968922445215091D-1
3.3259841470799599D-1
3.7830944060073851D-1
4.2678345279130669D-1
4.7798016504217861D-1
5.3185802126668030D-1
5.8837436163316250D-1
6.4748558656914489D-1
7.0914731761403443D-1
7.7331455417944585D-1
8.3994182539075539D-1
9.0898333629979166D-1
9.8039310787424757D-1
1.0541251102824971D0
1.1301333891013251D0
1.2083721841772307D0
1.2887960409683474D0
1.3713599142828133D0
1.4560192644100830D0
1.5427301457138710D0
1.6314492878190802D0
1.7221341695802641D0
1.8147430860661604D0
1.9092352088339666D0
2.0055706397987888D0
2.1037104590286011D0
2.2036167668137071D0
2.3052527203726987D0
2.4085825655648897D0
2.5135716639827794D0
2.6201865157978816D0
2.7283947787298067D0
2.8381652835023673D0
2.9494680461421854D0
3.0622742774652936D0
3.1765563900859619D0
3.2922880032698389D0
3.4094439459408146D0
3.5280002581380987D0
3.6479341912071399D0
3.7692242069954201D0
3.8918499763120593D0
4.0157923768987400D0
4.1410334911488645D0
4.2675566038022383D0
4.3953461998340542D0
4.5243879627496384D0
4.6546687734904366D0
4.7861767101521444D0
4.9189010487128382D0
5.0528322649675410D0
5.1879620378659604D0
5.3242832544523041D0
5.4617900166102278D0
5.6004776498222695D0
5.7403427141617486D0
5.8813830177462612D0
6.0235976328958489D0
6.1669869152559237D0
6.3115525261654635D0
6.4572974585752446D0
6.6042260668494340D0
6.7523441008173068D0
6.9016587444808519D0
7.0521786598294052D0
7.2039140362651667D0
7.3568766462046723D0
7.5110799074923913D0
7.6665389533452719D0
7.8232707106432586D0
7.9812939874929850D0
8.1406295711229324D0
8.3013003373219088D0
8.4633313728131037D0
8.6267501121685490D0
8.7915864911201468D0
8.9578731184216361D0
9.1256454687710829D0
9.2949420997283012D0
9.4658048960719210D0
9.6382793456566200D0
9.8124148515777816D0
9.9882650863610532D0
1.0165888395009821D1
1.0345348255118739D1
1.0526713803967001D1
1.0710060444634278D1
1.0895470545858851D1
1.1083034253747237D1
1.1272850437771421D1
1.1465027799059619D1
1.1659686176221542D1
1.1856958093439130D1
1.2056990608132801D1
1.2259947532376922D1
1.2466012125125856D1
1.2675390383793830D1
1.2888315107673459D1
1.3105050968002766D1
1.3325900909468430D1
1.3551214340406416D1
1.3781397768312544D1
1.4016928844720144D1
1.4258375270988037D1
1.4506420814342230D1
1.4761902037590887D1
1.5025861743757236D1
1.5299629601186798D1
1.5584949242077064D1
1.5884189919588167D1
1.6200724716851952D1
1.6539673172127455D1
1.6909567858572349D1
1.7326957506840638D1
1.7835123073967998D1
