1.0935918516359485D-2
5.7293096831108469D-2
1.3940579062656833D-1
2.5526985208095558D-1
4.0232028544513991D-1
5.7772311330312338D-1
7.7862392347813363D-1
1.0023365076534946D0
1.2464668959820607D0
1.5089824408768179D0
1.7882418531460338D0
2.0830024505166880D0
2.3924185785023216D0
2.7160426078205394D0
3.0538385393116615D0
3.4062190427876209D0
3.7741210181541588D0
4.1591453200556942D0
4.5638102626897090D0
4.9920255700031385D0
5.4500447129892225D0
5.9486264943640246D0
6.5090385498776656D0
7.1875409389071037D0
