9.7235301686294417D-3
5.0983107694016739D-2
1.2422617133274523D-1
2.2790105605126665D-1
3.5998401692873939D-1
5.1818833879425260D-1
7.0014983028430681D-1
9.0357732583867867D-1
1.1263607430001228D0
1.3666391979089940D0
1.6228374279050304D0
1.8936805722368476D0
2.1781967896706328D0
2.4757157171543624D0
2.7858693977293967D0
3.1086016305630892D0
3.4441921644724318D0
3.7933043680250861D0
4.1570701975315059D0
4.5372373199600441D0
4.9364272821393453D0
5.3586101508606517D0
5.8100505447059120D0
6.3014470669297209D0
6.8538652704672341D0
7.5229193613803205D0
