8.7195880290055481D-3
4.5749096141668794D-2
1.1159871932322268D-1
2.0504781400167744D-1
3.2447923760158836D-1
4.6803182773254097D-1
6.3373954698971961D-1
8.1965049983192160D-1
1.0239183860495078D0
1.2448655491874107D0
1.4810214007674590D0
1.7311421623847775D0
1.9942182235011293D0
2.2694748008955127D0
2.5563706798322426D0
2.8545990569928445D0
3.1640941615711685D0
3.4850476171708252D0
3.8179397177202455D0
4.1635935029016977D0
4.5232649894463277D0
4.8987940319071437D0
5.2928641635284612D0
5.7094757144422721D0
6.1548843112782269D0
6.6397185758339052D0
7.1848472117704244D0
7.8452826945406423D0
