7.8771769031595858D-3
4.1351188284930193D-2
1.0096359097672786D-1
1.8574042657141391D-1
2.9437420085549807D-1
4.2533703247477812D-1
5.7698579198771087D-1
7.4765593678468504D-1
9.3573761898301588D-1
1.1397318724667636D0
1.3582881628249978D0
1.5902266024697015D0
1.8345488871481290D0
2.0904419382854899D0
2.3572777646672618D0
2.6346125040101958D0
2.9221871737576146D0
3.2199324804831720D0
3.5279802177174663D0
3.8466844752185632D0
4.1766573752661211D0
4.5188269330110005D0
4.8745301758569714D0
5.2456657303422642D0
5.6349537486271974D0
6.0464064156986082D0
6.4862585082413810D0
6.9650642192596014D0
7.5035027476232649D0
8.1560247350070705D0
