7.1621303644661208D-3
3.7614009552000590D-2
9.1908832621487907D-2
1.6925956020914929D-1
2.6859758225685921D-1
3.8865812954809495D-1
5.2806039004537804D-1
6.8538153214106740D-1
8.5921944541231466D-1
1.0482416457678493D0
1.2512203099659090D0
1.4670550984880731D0
1.6947862787461730D0
1.9336008777265692D0
2.1828344281138147D0
2.4419705420131879D0
2.7106402062583332D0
2.9886224421932470D0
3.2758478763825756D0
3.5724068855638556D0
3.8785643917983851D0
4.1947842417148004D0
4.5217676999890841D0
4.8605135176687967D0
5.2124125670297945D0
5.5794010258961075D0
5.9642195365118079D0
6.3708805847848037D0
6.8055911060857460D0
7.2788294508328637D0
7.8110934840442510D0
8.4563079149453293D0
