6.5490396477624331D-3
3.4406720669918264D-2
8.4125462202563515D-2
1.5506199721125850D-1
2.4633425667690141D-1
3.5688691936240545D-1
4.8555301053555410D-1
6.3111246025957002D-1
7.9234357921685919D-1
9.6806499957617417D-1
1.1571674092655718D0
1.3586357503712133D0
1.5715633564481739D0
1.7951598463196575D0
2.0287546141826989D0
2.2717975987912798D0
2.5238587908073291D0
2.7846277253424121D0
3.0539140569040378D0
3.3316502613703337D0
3.6178975871349187D0
3.9128566316117194D0
4.2168844312996482D0
4.5305208765936153D0
4.8545288932215553D0
5.1899557670764505D0
5.5382284879485267D0
5.9013068868058134D0
6.2819415683635608D0
6.6841379458238427D0
7.1140710727657348D0
7.5821437889490215D0
8.1086809539422839D0
8.7471136239498219D0
