6.0186590226180890D-3
3.1629955740052079D-2
7.7377776638393157D-2
1.4273094897233295D-1
2.2695472689939499D-1
3.2916190548009729D-1
4.4836061635023203D-1
5.8350084618087365D-1
7.3351659933135731D-1
8.9736153797133406D-1
1.0740371728903175D0
1.2626137062068833D0
1.4622443219641928D0
1.6721740939294299D0
1.8917448029228687D0
2.1203969157536899D0
2.3576698526830690D0
2.6032015200729265D0
2.8567279505584839D0
3.1180838016854158D0
3.3872044349440004D0
3.6641303496612782D0
3.9490149073093589D0
4.2421365975042900D0
4.5439176506948923D0
4.8549517494648571D0
5.1760452280389172D0
5.5082790721373988D0
5.8531044895461761D0
6.2124956286835506D0
6.5892060449070884D0
6.9872293350816746D0
7.4127064634623894D0
7.8759660926073148D0
8.3971682165818610D0
9.0292792980895840D0
