5.5561728601196946D-3
2.9207052046496727D-2
7.1483242570576009D-2
1.3194204867993781D-1
2.0996630335766099D-1
3.0480483840412289D-1
4.1560990816892694D-1
5.4147432958306705D-1
6.8146602943089758D-1
8.3465816750191479D-1
1.0001538577410866D0
1.1771052800388149D0
1.3647275466425085D0
1.5623080412158834D0
1.7692121158067377D0
1.9848860619774324D0
2.2088582192021603D0
2.4407389902211132D0
2.6802204319513896D0
2.9270760040794148D0
3.1811610005517057D0
3.4424141731107426D0
3.7108610923059462D0
3.9866198962693728D0
4.2699102778999294D0
4.5610669041214267D0
4.8605590312497176D0
5.1690190340852900D0
5.4872841999117253D0
5.8164590426716417D0
6.1580108085250940D0
6.5139215618049171D0
6.8869430692540039D0
7.2810540654288165D0
7.7023603763954163D0
8.1611183817044661D0
8.6773309894673997D0
9.3035262910739041D0
