5.1500103563921862D-3
2.7078024948292358D-2
6.6298580211427909D-2
1.2243960159883270D-1
1.9497868093068677D-1
2.8327558950573824D-1
3.8660184221766430D-1
5.0417051343284822D-1
6.3516459380600108D-1
7.7876237928287057D-1
9.3415896522826645D-1
1.1005834881386765D0
1.2773122130155068D0
1.4636778769571198D0
1.6590758770025503D0
1.8629679598650292D0
2.0748840660303438D0
2.2944229317066317D0
2.5212519842685894D0
2.7551069983769511D0
2.9957919233812091D0
3.2431792565197056D0
3.4972113275714545D0
3.7579028861140781D0
4.0253454524039713D0
4.2997140233221146D0
4.5812769433993346D0
4.8704101055997519D0
5.1676172224693716D0
5.4735588611039934D0
5.7890945604178660D0
6.1153452328989557D0
6.4537884272916593D0
6.8064096614249527D0
7.1759556802316790D0
7.5663884290730460D0
7.9837782875541511D0
8.4383115413551820D0
8.9498413550107221D0
9.5704811788904140D0
