4.7910175325440688D-3
2.5195343191982988D-2
6.1709944745840297D-2
1.1401969516374519D-1
1.8167924774417390D-1
2.6413952203703953D-1
3.6077126120648741D-1
4.7088910596806063D-1
5.9377493229515435D-1
7.2869922902594207D-1
8.7493968385253093D-1
1.0317965632040261D0
1.1986048276688254D0
1.3747431888075267D0
1.5596404822393590D0
1.7527798185003914D0
1.9537009973426147D0
2.1620016538697199D0
2.3773375646485425D0
2.5994224931731622D0
2.8280279072673310D0
3.0629828634265085D0
3.3041743298228917D0
3.5515482148998407D0
3.8051113866883506D0
4.0649350155048023D0
4.3311596595501181D0
4.6040026557258523D0
4.8837686047677535D0
5.1708640988603404D0
5.4658184163945255D0
5.7693128574744103D0
6.0822230086155301D0
6.4056810881644370D0
6.7411708580137974D0
7.0906781391181392D0
7.4569424408493846D0
7.8439077427039544D0
8.2576091448865848D0
8.7081651612362748D0
9.2152860934280740D0
9.8306922932854691D0
