4.4718677922286614D-3
2.3520911845530022D-2
5.7625876817035293D-2
1.0651798848516823D-1
1.6981509775244113D-1
2.4704354337180302D-1
3.3765707973167131D-1
4.4105642828132993D-1
5.5660854743205619D-1
6.8366463756985587D-1
8.2157615901677263D-1
9.6970844415670987D-1
1.1274517596133753D0
1.2942298916590724D0
1.4695064796336432D0
1.6527894124141904D0
1.8436336431501871D0
2.0416427812643353D0
2.2464698013103542D0
2.4578171768032823D0
2.6754367121590759D0
2.8991293135693702D0
3.1287449143020205D0
3.3641827546779346D0
3.6053922144804984D0
3.8523744087412381D0
4.1051847907919566D0
4.3639370655161542D0
4.6288088111284688D0
4.9000493564582936D0
5.1779906908963096D0
5.4630625442165512D0
5.7558133482940083D0
6.0569397364644122D0
6.3673288404536322D0
6.6881204877243615D0
7.0208016976448785D0
7.3673563499730743D0
7.7305152073028570D0
8.1142036161082010D0
8.5244218680556308D0
8.9712230609256191D0
9.4741810565377040D0
1.0084642727122730D1
