4.1866351181673985D-3
2.2023881734854527D-2
5.3972160479651883D-2
9.9800751843475958D-2
1.5917974055886356D-1
2.3169828927736528D-1
3.1687996864747120D-1
4.1419872837404361D-1
5.2309486669199508D-1
6.4299021275254667D-1
7.7330190709683584D-1
9.1345438500900925D-1
1.0628893774685835D0
1.2210739198326537D0
1.3875064893445834D0
1.5617214788171789D0
1.7432922610513624D0
1.9318331152635051D0
2.1270002821272856D0
2.3284923962839316D0
2.5360505211370479D0
2.7494579855919211D0
2.9685401998478100D0
3.1931646100388424D0
3.4232409414056437D0
3.6587218784902783D0
3.8996043405262319D0
4.1459315334277087D0
4.3977960006650368D0
4.6553439603346516D0
4.9187813153393197D0
5.1883818748394861D0
5.4644985563609628D0
5.7475786973702434D0
6.0381851772347789D0
6.3370259885152436D0
6.6449964901118993D0
6.9632413982457392D0
7.2932488300663674D0
7.6369991166535256D0
7.9972132540842364D0
8.3777976379055824D0
8.7847184132764853D0
9.2279655911690490D0
9.7269825777400928D0
1.0332760689444789D1
