3.9304802495071665D-3
2.0679034948128002D-2
5.0688018129519587D-2
9.3758200699782388D-2
1.4960315402387083D-1
2.1786470530290731D-1
2.9812544936318191D-1
3.8992186991071711D-1
4.9275762553369816D-1
6.0611637524342776D-1
7.2947362668883335D-1
8.6230724849343020D-1
1.0041064476127777D0
1.1543791524069855D0
1.3126578524759045D0
1.4785040246342782D0
1.6515113229635902D0
1.8313077346758159D0
2.0175569086513191D0
2.2099588559732665D0
2.4082502068223870D0
2.6122041899348061D0
2.8216304826416803D0
3.0363750636009434D0
3.2563201883489754D0
3.4813846010069958D0
3.7115240950200382D0
3.9467325429976613D0
4.1870435323648275D0
4.4325327723190191D0
4.6833214827194962D0
4.9395810436176558D0
5.2015392857245149D0
5.4694889543060028D0
5.7437991100975923D0
6.0249305888625316D0
6.3134572102000531D0
6.6100953584444206D0
6.9157461417323750D0
7.2315571400953363D0
7.5590159771659833D0
7.9000982823905075D0
8.2575146137199417D0
8.6351523385642642D0
9.0389442339354043D0
9.4788194907651570D0
9.9740966311038579D0
1.0575427841255181D1
