3.6994166894118939D-3
1.9465578559300126D-2
4.7723257511077557D-2
8.8299474142332614D-2
1.4094424983151284D-1
2.0534382473297515D-1
2.8113094473115594D-1
3.6789570186710082D-1
4.6519663238256748D-1
5.7257157583973919D-1
6.8954786429340064D-1
8.1565152412903546D-1
9.5041529376705184D-1
1.0933853708522050D0
1.2441268939404771D0
1.4022282325283635D0
1.5673042057959084D0
1.7389983773292414D0
1.9169845842536760D0
2.1009678588665810D0
2.2906848929553816D0
2.4859041828723389D0
2.6864259797692923D0
2.8920821561666726D0
3.1027360886914361D0
3.3182826484263567D0
3.5386483857011263D0
3.7637919961012993D0
3.9937051598745309D0
4.2284138590013394D0
4.4679802967817698D0
4.7125055766333504D0
4.9621333441732091D0
5.2170546662502129D0
5.4775145229932929D0
5.7438204412415260D0
6.0163540281218060D0
6.2955865198298368D0
6.5821000263865101D0
6.8766170796565749D0
7.1800426651669229D0
7.4935257051424096D0
7.8185521503957407D0
8.1570921045016888D0
8.5118452647437185D0
8.8866800592441290D0
9.2874967414164860D0
9.7241658658846315D0
1.0215886258578428D1
1.0812986072945361D1
