3.4901339988488969D-3
1.8366232031308380D-2
4.5036106619602112D-2
8.3348808227577814D-2
1.3308510375849307D-1
1.9396889971201000D-1
2.6567575971139009D-1
3.4784190938050043D-1
4.4007354462196992D-1
5.4195604949262048D-1
6.5306276604723702D-1
7.7296303967730335D-1
9.0122935438713988D-1
1.0374434591177163D0
1.1812014609992859D0
1.3321179205540197D0
1.4898290265468583D0
1.6539949555785391D0
1.8243015359997902D0
2.0004613401771592D0
2.1822143264497589D0
2.3693281448832680D0
2.5615982113177987D0
2.7588476439179490D0
2.9609271467404914D0
3.1677149166707199D0
3.3791166441356348D0
3.5950656748411702D0
3.8155233999379326D0
4.0404799461225533D0
4.2699552460784497D0
4.5040005845863856D0
4.7427007384453360D0
4.9861768618542745D0
5.2345903174378909D0
5.4881477233673880D0
5.7471075896240490D0
6.0117890684225575D0
6.2825835732302106D0
6.5599703752222261D0
6.8445378484571240D0
7.1370129560036175D0
7.4383031328911766D0
7.7495574914886212D0
8.0722594330719803D0
8.4083729515424256D0
8.7605866405313926D0
9.1327501918233147D0
9.5307322122192678D0
9.9643467099717872D0
1.0452677648792809D1
1.1045743064972806D1
