3.2998627845938563D-3
1.7366528841292914D-2
4.2591552291978956D-2
7.8842588672432723D-2
1.2592649223236572D-1
1.8359928483521206D-1
2.5157325619706387D-1
3.2952448346826420D-1
4.1710067025296633D-1
5.1392899307434497D-1
6.1962365944202464D-1
7.3379293925019594D-1
8.5604549962011573D-1
9.8599594102671441D-1
1.1232694931862514D0
1.2675058791890028D0
1.4183623943853157D0
1.5755162728413752D0
1.7386664300991629D0
1.9075346783931933D0
2.0818665114588580D0
2.2614315525855326D0
2.4460237533477742D0
2.6354614229050403D0
2.8295871599972894D0
3.0282677526088350D0
3.2313941043379415D0
3.4388812422580088D0
3.6506684588718328D0
3.8667196410194350D0
4.0870238417453316D0
4.3115961577583770D0
4.5404789860821141D0
4.7737437500596032D0
5.0114932089332480D0
5.2538644996173547D0
5.5010331083648309D0
5.7532180405185210D0
6.0106885590020322D0
6.2737730136222011D0
6.5428705115650645D0
6.8184665319460721D0
7.1011541465040013D0
7.3916634240908207D0
7.6909031510146329D0
8.0000217525831853D0
8.3204994286371577D0
8.6542936571548379D0
9.0040818152543211D0
9.3736951388799181D0
9.7689714749167546D0
1.0199670276858632D1
1.0684765154570456D1
1.1273976888337883D1
