3.1262704297867240D-3
1.6454276368935054D-2
4.0360052168764749D-2
7.4727058333705483D-2
1.1938440673170184D-1
1.7411563990401532D-1
2.3866468831037892D-1
3.1274218156822587D-1
3.9603207680551481D-1
4.8819835721698666D-1
5.8889155648020216D-1
6.9775490514696696D-1
8.1442994646099323D-1
9.3856152181332704D-1
1.0698020749117801D0
1.2078152655380688D0
1.3522789169613943D0
1.5028873454058212D0
1.6593531360669186D0
1.8214084392235367D0
1.9888058634261150D0
2.1613190420252520D0
2.3387429457800515D0
2.5208940091095860D0
2.7076101316590500D0
2.8987506109718593D0
3.0941960567375886D0
3.2938483327320159D0
3.4976305694947841D0
3.7054872892701260D0
3.9173846850342609D0
4.1333110978664574D0
4.3532777419126998D0
4.5773197343420611D0
4.8054974998808274D0
5.0378986370161800D0
5.2746403577025650D0
5.5158726472473562D0
5.7617823403504074D0
6.0125983797331241D0
6.2685986259505788D0
6.5301187377362042D0
6.7975638693796436D0
7.0714242822046794D0
7.3522965233145824D0
7.6409127351413533D0
7.9381822048636037D0
8.2452520002671104D0
8.5635986365965731D0
8.8951728018159527D0
9.2426406382187760D0
9.6098152580239740D0
1.0002504629378410D1
1.0430415543717483D1
1.0912415466815066D1
1.1497939839874484D1
