2.9673797646874980D-3
1.5619134086993816D-2
3.8316526591385769D-2
7.0956517603524749D-2
1.1338730781973741D-1
1.6541613561587145D-1
2.2681430647471951D-1
2.9732251603208688D-1
3.7665647700386879D-1
4.6451265486540214D-1
5.6057391059775558D-1
6.6451487686201577D-1
7.7600693242153440D-1
8.9472268064507139D-1
1.0203398771220822D0
1.1525447860608889D0
1.2910349736945627D0
1.4355215688435487D0
1.5857310362732847D0
1.7414065182280422D0
1.9023088044807676D0
2.0682169924713060D0
2.2389288976417084D0
2.4142612708408550D0
2.5940498754409700D0
2.7781494722130847D0
2.9664337555333357D0
3.1587952805049008D0
3.3551454173590323D0
3.5554143672611738D0
3.7595512725842526D0
3.9675244550137851D0
4.1793218167479844D0
4.3949514438551703D0
4.6144424569775808D0
4.8378461636388673D0
5.0652375793134651D0
5.2967174024542218D0
5.5324145537757802D0
5.7724894251290096D0
6.0171380326244298D0
6.2665973389590013D0
6.5211521116614723D0
6.7811438340172261D0
7.0469824114180960D0
7.3191617645746819D0
7.5982809540992949D0
7.8850733863318629D0
8.1804481872728787D0
8.4855505538318459D0
8.8018529612649317D0
9.1312991324221643D0
9.4765440251480073D0
9.8413829931543507D0
1.0231594991423338D1
1.0656835944984671D1
1.1135871111627993D1
1.1717861662252887D1
