2.8215050457025311D-3
1.4852281148879698D-2
3.6439562605665036D-2
6.7491899647348622D-2
1.0787394408312100D-1
1.5741342887631585D-1
2.1590543970582229D-1
2.8311692573473254D-1
3.5879149496914592D-1
4.4265434031526600D-1
5.3441712985059778D-1
6.3378271387104017D-1
7.4044953002061350D-1
8.5411561964184342D-1
9.7448219982604812D-1
1.1012567641699038D0
1.2341557095396184D0
1.3729065055389465D0
1.5172494377981790D0
1.6669389660004234D0
1.8217447433569961D0
1.9814523467825839D0
2.1458637670745238D0
2.3147977066940498D0
2.4880897299177809D0
2.6655923067066606D0
2.8471747880524430D0
3.0327233471383643D0
3.2221409176415678D0
3.4153471581017912D0
3.6122784696371633D0
3.8128880935399968D0
4.0171463155739630D0
4.2250408052870750D0
4.4365771215740574D0
4.6517794203743315D0
4.8706914072141874D0
5.0933775869191634D0
5.3199248761382903D0
5.5504446626497570D0
5.7850754206886547D0
6.0239860266243992D0
6.2673799685557127D0
6.5155007134488408D0
6.7686385967638543D0
7.0271397488330292D0
7.2914177970869093D0
7.5619694300916549D0
7.8393954595033631D0
8.1244299165860349D0
8.4179812487147736D0
8.7211923890396247D0
9.0355315149179372D0
9.3629352834852763D0
9.7060475682274780D0
1.0068646349397226D1
1.0456482412249926D1
1.0879162517360652D1
1.1355353399914010D1
1.1933952265101349D1
