2.6872011278700002D-3
1.4146152215039858D-2
3.4710780261750991D-2
6.4299633401563371D-2
1.0279160645065753D-1
1.5003223384495746D-1
2.0583733844743673D-1
2.6999687133801047D-1
3.4227901396942398D-1
4.2243442168348789D-1
5.1020047109122663D-1
6.0530538634500113D-1
7.0747214075044843D-1
8.1642205484179302D-1
9.3187803704476990D-1
1.0535674364354128D0
1.1812244976053220D0
1.3145924245685041D0
1.4534250737645620D0
1.5974883056579198D0
1.7465610305753099D0
1.9004359877752281D0
2.0589202978694411D0
2.2218358281767685D0
2.3890194088949192D0
2.5603229355698081D0
2.7356133905896501D0
2.9147728136252086D0
3.0976982483044333D0
3.2843016901227924D0
3.4745100587841162D0
3.6682652169501647D0
3.8655240568496641D0
4.0662586764630965D0
4.2704566681824243D0
4.4781215451080769D0
4.6892733337125979D0
4.9039493667851179D0
5.1222053178177495D0
5.3441165279379226D0
5.5697796900397091D0
5.7993149732407654D0
6.0328686961208790D0
6.2706166922501583D0
6.5127685606128006D0
6.7595730633127195D0
7.0113250338059060D0
7.2683743074981827D0
7.5311374102502225D0
7.8001130854305520D0
8.0759032874706951D0
8.3592421657670263D0
8.6510370836316856D0
8.9524284106940239D0
9.2648798433564553D0
9.5903209286767877D0
9.9313845915653780D0
1.0291831834156806D1
1.0677386089217141D1
1.1097606565307378D1
1.1571064930569350D1
1.2146404038504973D1
