2.5632227904479729D-3
1.3494225858531375D-2
3.3114324238215923D-2
6.1350729438295925D-2
9.8094720923410214D-2
1.4320735788230669D-1
1.9652261337019570D-1
2.5785065719031602D-1
3.2698137796594404D-1
4.0368804966897315D-1
4.8773102895985878D-1
5.7886137749913244D-1
6.7682431928677096D-1
7.8136246219482860D-1
8.9221873276884868D-1
1.0091389924758555D0
1.1318743207717236D0
1.2601829649782167D0
1.3938319686962091D0
1.5325984993252387D0
1.6762709014115083D0
1.8246495063430346D0
1.9775472307573311D0
2.1347899963467996D0
2.2962170029440193D0
2.4616808852059874D0
2.6310477812030629D0
2.8041973390096307D0
2.9810226851920504D0
3.1614303770529953D0
3.3453403587414228D0
3.5326859399694912D0
3.7234138151709331D0
3.9174841405628302D0
4.1148706868118944D0
4.3155610859501050D0
4.5195571929538200D0
4.7268755851597393D0
4.9375482266685648D0
5.1516233304025567D0
5.3691664579869659D0
5.5902619077565889D0
5.8150144548610616D0
6.0435515259752931D0
6.2760259164429138D0
6.5126191926492817D0
6.7535459713431177D0
6.9990593371100329D0
7.2494577595945617D0
7.5050940199464347D0
7.7663868785712641D0
8.0338365596514579D0
8.3080456724842196D0
8.5897480810863915D0
8.8798497467373300D0
9.1794882482760324D0
9.4901226758770535D0
9.8136754646617010D0
1.0152768752011549D1
1.0511146960731144D1
1.0894506959784238D1
1.1312361933267729D1
1.1783191727027236D1
1.2355393831056901D1
