1.4008244376216483D-3
7.3781118776378465D-3
1.8120524129868041D-2
3.3611391348341296D-2
5.3823721316749365D-2
7.8722335852309779D-2
1.0826438069189235D-1
1.4239975680809085D-1
1.8107158453753634D-1
2.2421671010691040D-1
2.7176624937130870D-1
3.2364616041981328D-1
3.7977783597301915D-1
4.4007870654345044D-1
5.0446284574798168D-1
5.7284156981138687D-1
6.4512402410821557D-1
7.2121775050255284D-1
8.0102923021646831D-1
8.8446439794855813D-1
9.7142912394005813D-1
1.0618296616196167D0
1.1555730593271104D0
1.2525675354059785D0
1.3527228166521645D0
1.4559504407105938D0
1.5621640235162168D0
1.6712794932885147D0
1.7832152929112389D0
1.8978925527702456D0
2.0152352362900582D0
2.1351702605134544D0
2.2576275941173182D0
2.3825403352614729D0
2.5098447716340220D0
2.6394804249950275D0
2.7713900824375574D0
2.9055198164878164D0
3.0418189960600040D0
3.1802402901716730D0
3.3207396662159196D0
3.4632763844812828D0
3.6078129905117323D0
3.7543153068100977D0
3.9027524253108325D0
4.0530967019839536D0
4.2053237548829786D0
4.3594124669172575D0
4.5153449946148152D0
4.6731067841473550D0
4.8326865959163127D0
4.9940765390500170D0
5.1572721172397896D0
5.3222722874505195D0
5.4890795331829731D0
5.6576999541459739D0
5.8281433744230315D0
6.0004234714980604D0
6.1745579288486683D0
6.3505686152358826D0
6.5284817943323538D0
6.7083283689575964D0
6.8901441649550075D0
7.0739702606849646D0
7.2598533692647823D0
7.4478462821162356D0
7.6380083841586518D0
7.8304062532076273D0
8.0251143589355780D0
8.2222158802938663D0
8.4218036648215027D0
8.6239813590924728D0
8.8288647471245519D0
9.0365833435043857D0
9.2472823011498169D0
9.4611247112827626D0
9.6782943971454702D0
9.8989993359513496D0
1.0123475889566567D1
1.0351994089673903D1
1.0584864317384096D1
1.0822445855977738D1
1.1065158004221575D1
1.1313494759678790D1
1.1568044591992162D1
1.1829517661734146D1
1.2098784258771427D1
1.2376930745913103D1
1.2665343970495522D1
1.2965844354947856D1
1.3280907567322706D1
1.3614060682085185D1
1.3970660167087759D1
1.4359638077539465D1
1.4798325813966773D1
1.5332070561128555D1
